11000890006
11000890007
11000890008
11000890009
11000890010
11000897001
11000897001
11000898002
11000900005
11000900006
11000895008
11000888004
11000888002
10301005001
10301005017
10301005037
10301005053
10302017013
10302017030
10302017031
10303030008
10303030026
10303030038
10304039006
10304039026
10304039043
10305058001
10305058013
10305058033
10306063007
10306063008
10306063032
10306063052
10307076008
10307076009
10307076027
10307076047
10307076048
10308090002
10308090020
10308090021
10308090038
10309099002
10309099026
10309099027
10309099043
10310116005
10310116023
10310116036
10311124008
10311124031
10311124047
10312142002
10312142003
10312142020
10312142042
10312142043
10313149002
10313149024
10313149040
10314158007
10314158024
10315175007
10315175027
10316188038
10403041051
10404056010
10404056032
10405069017
10405069038
10406086002
10406086021
10406086038
10409129002
10409129016
10410146035
10418255014
10418255026
10418255050
10501009002
10501009025
10501009043
10502024006
10502024021
10502024041
10503039006
10503039029
10503039043
10503039064
10504054005
10504054025
10504054040
10505068009
10505068023
10505068037
10506084013
10506084026
10507099011
10507099027
10507099046
10508116008
10508116032
10508116045
10509129014
10509129031
10509129050
10510144015
10510144032
10510144047
10511159008
10511159024
10511159040
10511159041
10512174003
10512174023
10512174041
10513189016
10513189029
10513189047
10514203003
10514203025
10514203041
10515218011
10515218012
10515218030
10516226008
10516226037
10516226053
10519264003
10519264022
10520267004
10520267016
10520267032
10521270004
10521270019
10521270020
10601010009
10601010021
10601010038
10602029011
10602029025
10602029053
10603044005
10603044023
10603044038
10603044058
10605072017
10605072040
10606076021
10606076048
10607091007
10607091024
10607091025
10607091045
10607091046
10608108010
10608108032
10608108051
10609131003
10609131023
10609131046
10610137007
10610137026
10611151003
10611151026
10611151027
10611151044
10612167007
10612167019
10612167035
10613182003
10613182022
10613182023
10613182045
10613182046
10614196007
10614196008
10614196027
10614196044
10614196045
10615211003
10615211020
10615211032
10616238013
10616238028
10616238047
10700004007
10700004027
10701030003
10701030023
10701030049
10702047016
10702047036
10702047057
10703051009
10703051032
10703051033
10703051047
10704073054
10705095010
10705095011
10705095031
10705095049
10706110010
10706110034
10706110035
10706110051
10708143004
10708143021
10708143037
10709157009
10709157010
10709157029
10709157030
10709157047
10710178008
10710178032
10710178033
10710178053
10711194003
10711194004
10711194020
10711194039
10712216003
10712216018
10712216019
10712216041
10713228008
10713228025
10713228050
10713228051
10714257004
10714257033
10714257049
10715276006
10715276007
10715276023
10715276045
10715276046
10716289003
10716289004
10716289023
10716289040
10717309003
10717309019
10801358002
10801358014
10801358026
10801358048
10801358049
10802380005
10802380022
10802380023
10802380038
10803406003
10803406020
10803406041
10804411007
10804411022
10804411041
10805426017
10805426036
10805426048
10806456003
10806456023
10806456040
10807478002
10807478026
10807478044
10808485003
10808485004
10808485025
10808485026
10809512006
10809512025
10809512046
10809512047
10810524002
10810524021
10810524041
10811531014
10811531029
10811531045
10812558007
10812558034
10812558053
10813577006
10813577029
10813577045
10814589002
10814589020
10814589042
10814589059
10815603006
10815603029
10815603046
10816618002
10816618026
10816618047
10901637018
10901637019
10901637032
10901637046
10901637047
10902651007
10902651028
10902651029
10902651046
10903673011
10903673024
10903673040
10903673041
10904681002
10904681019
10904681035
10905701006
10905701029
10906714006
10906714023
10906714040
10906714041
10907726002
10907726020
10907726040
10907726041
10908742005
10908742020
10908742036
10909756003
10909756004
10909756020
10909756036
10909756053
10910773002
10910773021
10910773036
10910773037
10911787002
10911787003
10911787022
10911787023
10911787040
10911787059
10911787078
10911787079
10912812005
10912812029
10912812030
10912812044
10912812045
10913816006
10913816025
10913816047
10914832002
10914832019
10914832020
10914832033
10914832053
10915846002
10915846017
10915846036
10916864005
10916864024
10916864045
10917881002
10917881003
10917881018
10918146002
10918146026
90918146002
11000900009
10902663014
10902663029
10902663046
10903678006
10903678022
10903678040
10904692002
10904692019
10904692037
10904692038
10904692057
10904692058
10905706009
10905706038
10905706062
10906723003
10906723004
10906723028
10906723042
10906723043
10907737004
10907737026
10908751007
10908751033
10908751046
10909767002
10909767014
10909767029
10909767030
10909767044
10910776012
10910776031
10910776043
10912810011
10912810035
10912810059
10914845009
10914845030
10914845053
10915857038
10916873012
10916873034
10917877005
10917877020
10917877039
10918878005
10918878033
11000897002
11000897003
11000897008
11000897009
11000897010
11000888019
11000890015
11000890016
11000890017
11000898018
11000890018
11000890019
11000890020
11000888024
11000890025
11000890026
11000900012
11000901023
11000890027
11000901024
11000894016
10401010038
10401010039
10401010040
10401010041
10401010042
10401010049
10401010050
10401010051
10401010056
10401010057
10401010058
10416236047
10416236048
10416236049
10417242017
10417242018
10417242019
10417242023
10417242024
10417242025
10417242026
10417242027
10417242028
20304016004
20304016005
20304016006
20304016014
20304016015
20304016016
20304016021
20304016022
20304016023
20304016024
20304016025
20304016026
20304016033
20304016034
20304016035
20308032048
20308032049
20308032050
20308032051
20309036001
20309036002
20309036003
20309036008
20309036009
20309036010
20309036015
20309036016
20309036017
20309036022
20309036023
20309036024
20309036025
20309036030
20309036031
20309036032
20309036033
20309036034
20309036035
20309036040
20309036041
20309036042
20309036043
20309036044
20309036045
20309036046
20310038042
20310038043
20310038044
20310038045
20310038052
20310038053
20310038054
20310038055
20310038056
20310038057
20312048005
20312048006
20312048007
20312048008
20312048013
20312048014
20312048015
20312048016
20312048024
20312048025
20312048026
20312048027
20312048028
20312048029
20312048030
20312048031
20314056005
20314056006
20314056007
20314056008
20314056009
20314056014
20314056015
20314056016
20314056017
20314056018
20314056019
20314056020
20314056021
20314056027
20314056028
20314056029
20314056030
20402015047
20402015048
20402015049
20402015050
20402015051
20407050060
20407050061
20408057053
20408057054
20408057055
20408057056
20408057057
20409071049
20409071050
20409071051
20409071052
20409071053
20409071054
20414106001
20414106002
20414106003
20414106004
20414106008
20414106009
20414106010
20414106011
20414106012
20414106013
20414106017
20414106018
20414106019
20414106025
20414106026
20414106027
20414106028
20414106029
20414106030
20414106031
20414106036
20414106037
20414106038
20414106043
20414106044
20414106045
20501005004
20501005005
20501005006
20501005007
20501005008
20501005012
20501005013
20501005014
20501005015
20501005020
20501005021
20501005022
20501005023
20501005024
20501005025
20501005026
20501005027
20501005032
20501005033
20501005034
20501005040
20501005041
20501005042
20501005043
20506065026
20506065027
20506065033
20506065034
20506065035
20506065036
20506065042
20506065043
20506065044
20506065045
20507076046
20507076052
20507076053
20507076054
20507076055
20507076056
20508086007
20508086008
20508086009
20508086010
20508086011
20508086012
20508086013
20508086018
20508086019
20508086020
20508086021
20508086029
20508086030
20508086031
20508086032
20508086039
20508086040
20508086041
20508086047
20508086048
20508086049
20508086053
20508086054
20508086055
20508086056
20510111020
20510111021
20510111022
20510111023
20510111027
20510111028
20510111029
20510111036
20510111037
20510111038
20510111039
20510111044
20510111045
20510111046
20514161001
20514161002
20514161003
20514161007
20514161008
20514161009
20514161010
20514161011
20514161015
20514161016
20514161017
20514161018
20514161019
20514161024
20514161025
20514161026
20514161027
20514161028
20514161029
20514161030
20514161031
20514161037
20514161038
20514161039
20514161040
20514161041
20514161042
20514161043
20514161044
20514161049
20514161050
20514161051
20602016005
20602016006
20602016007
20602016008
20602016009
20602016010
20602016015
20602016016
20602016017
20602016021
20602016022
20602016023
20602016024
20602016025
20602016026
20602016036
20602016037
20602016038
20602016046
20602016047
20602016048
20602016054
20602016055
20602016056
20602016057
20602016058
20605058004
20605058005
20605058006
20605058007
20605058011
20605058012
20605058013
20605058018
20605058019
20605058020
20605058021
20605058022
20605058023
20605058024
20605058025
20605058031
20605058032
20605058033
20605058038
20605058039
20605058040
20605058041
20606072029
20606072030
20606072031
20606072032
20606072039
20606072040
20606072041
20606072042
20606072047
20606072048
20606072049
20606072050
20613170036
20613170050
20613170051
20613170052
20613170053
20613170058
20613170059
20613170060
20704033027
20704033028
20704033029
20704033030
20704033031
20704033037
20704033038
20805173007
20805173008
20805173009
20805173010
20805173015
20805173016
20805173017
20805173018
20805173019
20805173020
20805173021
20805173026
20805173027
20805173028
20805173032
20805173033
20817225047
20817225048
20817225049
20817225050
20818231004
20818231005
20818231006
20818231013
20818231014
20818231015
20818231019
20818231020
20818231021
20818231022
20818231031
20818231032
20818231033
20818231034
20818231035
20818231042
20818231043
20818231044
20818231045
20818231046
20818231051
20818231052
20904247059
20904247060
20904247061
20906255051
20906255052
20906255053
20906255054
20906255061
20906255062
20906255063
20908263033
20908263034
20908263035
20908263036
20908263041
20908263042
20908263043
20908263044
20908263045
20908263046
20911276013
20911276014
20911276015
20911276021
20911276022
20911276023
20911276029
20911276030
20911276031
20911276032
20304016012
20304016030
20305019031
20305019051
20306021014
20306021035
20306021051
20307027015
20307027033
20307027051
20401001011
20401001032
20401001033
20402010016
20402010017
20402010036
20402010037
20402010058
20402015005
20402015023
20402015040
20403019002
20403019023
20403019036
20403022011
20403022034
20403022053
20405036008
20405036024
20405036041
20405040008
20405040009
20405040027
20405040045
20407050005
20407050025
20407050039
20407050052
20407053004
20407053025
20407053042
20408057020
20408057021
20408057036
20408057052
20408062009
20408062025
20408062047
20409066014
20409066015
20409066029
20409066050
20409071004
20409071026
20409071046
20410075019
20410075036
20410078020
20410078036
20411084003
20411084022
20411084023
20411085015
20411085031
20411085050
20411085062
20412092005
20412092006
20412092019
20412092041
20412092042
20412096012
20412096032
20413099005
20413099034
20413099052
20413104023
20413104037
20414109002
20414109022
20414109041
20415115002
20415115022
20415115040
20416118006
20416118031
20417119003
20417119022
20417119038
20501005011
20501005035
20501005036
20502017006
20502017025
20502017026
20503030009
20503030010
20503030024
20503030039
20504040003
20504040004
20504040028
20504040045
20505054007
20505054019
20505054034
20505054047
20506065005
20506065023
20506065040
20507076048
20508086003
20508086023
20508086037
20509102007
20509102019
20509102044
20509102045
20510111003
20510111026
20510111042
20511123008
20511123028
20511123029
20511123030
20511123044
20512137010
20512137027
20512137047
20513149002
20513149014
20513149033
20514161006
20514161033
20514161053
20601002015
20601002031
20601002032
20602016002
20602016020
20602016035
20602016050
20603029005
20603029021
20604044002
20604044018
20604044030
20604044042
20604044057
20604044059
20605058003
20605058027
20605058043
20606072009
20606072022
20606072044
20607085007
20607085027
20607085042
20608100017
20608100037
20609114013
20609114032
20609114051
20610128001
20610128002
20610128021
20610128037
20610128053
20611142005
20611142021
20611142040
20612156008
20612156022
20612156040
20613170002
20613170004
20613170015
20613170038
20613170039
20613170048
20614184007
20614184028
20616201004
20616201022
20616201039
20616201040
20701007002
20701007018
20701007036
20701007037
20701007052
20701007053
20703022014
20703022015
20703022034
20703022050
20703022068
20704033002
20704033023
20705045005
20705045023
20705045040
20706053002
20706053018
20706053040
20707059004
20707059006
20707059021
20707059038
20707059039
20707059058
20708065011
20708065026
20708065044
20709079012
20709079034
20710087001
20710087021
20710087038
20711097006
20711097028
20711097046
20712108008
20712108009
20712108029
20712108030
20712108047
20713112001
20713112015
20713112036
20714121002
20714121003
20714121020
20714121032
20715128005
20715128006
20715128022
20715128039
20802157006
20802157023
20802157024
20802157046
20803161002
20803161021
20803161037
20804170019
20804170039
20806179011
20806179027
20806179044
20807183007
20807183022
20807183042
20808189014
20808189015
20808189029
20808189043
20811200007
20811200008
20811200025
20811200045
20812205012
20812205032
20812205033
20813211003
20813211027
20813211049
20814215012
20814215028
20816222019
20816222042
20817225016
20817225031
20902239007
20902239008
20902239021
20902239043
20904247002
20904247029
20904247043
20905252010
20905252026
20905252045
20907259001
20907259015
20907259034
20909269010
20909269011
20909269023
20909269043
20910271016
20910271035
20912281013
20912281032
20912281048
20914287002
20914287022
20914287023
20914287041
20915292016
20915292031
20916293015
20916293028
20916293046
10902655001
10902655002
10902655003
10902655004
10902655005
10902655012
10902655013
10902655014
10902655015
10902655016
10902655017
10902655022
10902655023
10902655024
10902655025
10902655031
10902655032
10902655033
10902655034
10902655035
10903671042
10903671043
10903671044
10904684025
10904684026
10904684027
10904684028
10904684029
10904684030
10904684034
10904684035
10904684036
10907739001
10907739002
10907739003
10907739008
10907739009
10907739010
10907739011
10907739015
10907739016
10907739017
10907739021
10907739022
10907739023
10907739024
10907739029
10907739030
10907739031
10907739032
10907739033
10907739034
10907739035
10907739040
10907739041
10907739042
10907739043
10909757040
10909757041
10909757042
10909757043
10910780025
10910780029
10910780030
10910780031
10910780032
10910780037
10910780038
10910780039
10910780040
10910780041
10910780042
10911794025
10911794029
10911794030
10911794031
10911794032
10911794033
10911794038
10911794039
10911794040
10912809031
10912809032
10912809033
10912809034
10912809038
10912809039
10912809040
10912809041
10912809042
10912809048
10912809049
10912809050
10913825045
10913825046
10913825047
10913825048
10913825049
10913825054
10913825055
10913825056
10913825057
10913825058
10913825059
10914840026
10914840030
10914840031
10914840032
10914840033
10914840034
10914840039
10914840040
10914840041
10914840042
10914840043
10914840044
10914840045
10915857046
10915857047
10916872051
10916872052
10916872053
10917887025
10917887026
10917887031
10917887032
10917887033
10917887038
10917887039
20901235050
20901235051
20901235052
20901235053
20903246008
20903246024
20903246044
20904250009
20904250025
20904250047
20907262007
20907262022
20907262036
20908266014
20908266032
20908266056
20909269009
20909269029
20909269048
20911277001
20911277021
20911277041
20911277061
20911277079
20902242001
20902242002
20902242003
20902242004
20902242010
20902242011
20902242012
20902242013
20902242014
20902242018
20902242019
20902242020
20902242021
20902242027
20902242028
20902242029
20902242030
20902242031
20902242032
20902242033
20902242034
20905251009
20905251010
20905251011
20905251012
20905251016
20905251017
20905251018
20905251019
20905251027
20905251028
20905251029
20905251033
20905251034
20905251035
20905251040
20905251041
20905251042
20905251048
20905251049
20905251050
20905251051
20905251052
20905251053
20905251054
20908266008
20908266009
20908266010
20908266011
20908266012
20908266013
20908266015
20908266016
20908266021
20908266022
20908266023
20908266024
20908266025
20908266029
20908266030
20908266031
20911278006
20911278007
20911278008
20911278009
20911278010
20911278011
20911278019
20911278020
20911278021
20911278022
20911278023
20911278027
20911278028
20911278029
11000890028
11000890029
11000901029
11000901030
11000897016
11000901031
11000901032
